00,01,02
00,01,10
00,01,11
00,01,12
00,10,01
00,10,11
00,10,20
00,10,21
00,11,01
00,11,02
00,11,10
00,11,12
00,11,20
00,11,21
00,11,22
01,00,10
01,00,11
01,02,03
01,02,11
01,02,12
01,02,13
01,10,00
01,10,11
01,10,20
01,10,21
01,11,00
01,11,02
01,11,10
01,11,12
01,11,20
01,11,21
01,11,22
01,12,02
01,12,03
01,12,11
01,12,13
01,12,21
01,12,22
01,12,23
02,01,00
02,01,10
02,01,11
02,01,12
02,03,12
02,03,13
02,11,00
02,11,01
02,11,10
02,11,12
02,11,20
02,11,21
02,11,22
02,12,01
02,12,03
02,12,11
02,12,13
02,12,21
02,12,22
02,12,23
02,13,03
02,13,12
02,13,22
02,13,23
03,02,01
03,02,11
03,02,12
03,02,13
03,12,01
03,12,02
03,12,11
03,12,13
03,12,21
03,12,22
03,12,23
03,13,02
03,13,12
03,13,22
03,13,23
10,00,01
10,00,11
10,01,00
10,01,02
10,01,11
10,01,12
10,11,00
10,11,01
10,11,02
10,11,12
10,11,20
10,11,21
10,11,22
10,20,11
10,20,21
10,20,30
10,20,31
10,21,11
10,21,12
10,21,20
10,21,22
10,21,30
10,21,31
10,21,32
11,00,01
11,00,10
11,01,00
11,01,02
11,01,10
11,01,12
11,02,01
11,02,03
11,02,12
11,02,13
11,10,00
11,10,01
11,10,20
11,10,21
11,12,01
11,12,02
11,12,03
11,12,13
11,12,21
11,12,22
11,12,23
11,20,10
11,20,21
11,20,30
11,20,31
11,21,10
11,21,12
11,21,20
11,21,22
11,21,30
11,21,31
11,21,32
11,22,12
11,22,13
11,22,21
11,22,23
11,22,31
11,22,32
11,22,33
12,01,00
12,01,02
12,01,10
12,01,11
12,02,01
12,02,03
12,02,11
12,02,13
12,03,02
12,03,13
12,11,00
12,11,01
12,11,02
12,11,10
12,11,20
12,11,21
12,11,22
12,13,02
12,13,03
12,13,22
12,13,23
12,21,10
12,21,11
12,21,20
12,21,22
12,21,30
12,21,31
12,21,32
12,22,11
12,22,13
12,22,21
12,22,23
12,22,31
12,22,32
12,22,33
12,23,13
12,23,22
12,23,32
12,23,33
13,02,01
13,02,03
13,02,11
13,02,12
13,03,02
13,03,12
13,12,01
13,12,02
13,12,03
13,12,11
13,12,21
13,12,22
13,12,23
13,22,11
13,22,12
13,22,21
13,22,23
13,22,31
13,22,32
13,22,33
13,23,12
13,23,22
13,23,32
13,23,33
20,10,00
20,10,01
20,10,11
20,10,21
20,11,00
20,11,01
20,11,02
20,11,10
20,11,12
20,11,21
20,11,22
20,21,10
20,21,11
20,21,12
20,21,22
20,21,30
20,21,31
20,21,32
20,30,21
20,30,31
20,31,21
20,31,22
20,31,30
20,31,32
21,10,00
21,10,01
21,10,11
21,10,20
21,11,00
21,11,01
21,11,02
21,11,10
21,11,12
21,11,20
21,11,22
21,12,01
21,12,02
21,12,03
21,12,11
21,12,13
21,12,22
21,12,23
21,20,10
21,20,11
21,20,30
21,20,31
21,22,11
21,22,12
21,22,13
21,22,23
21,22,31
21,22,32
21,22,33
21,30,20
21,30,31
21,31,20
21,31,22
21,31,30
21,31,32
21,32,22
21,32,23
21,32,31
21,32,33
22,11,00
22,11,01
22,11,02
22,11,10
22,11,12
22,11,20
22,11,21
22,12,01
22,12,02
22,12,03
22,12,11
22,12,13
22,12,21
22,12,23
22,13,02
22,13,03
22,13,12
22,13,23
22,21,10
22,21,11
22,21,12
22,21,20
22,21,30
22,21,31
22,21,32
22,23,12
22,23,13
22,23,32
22,23,33
22,31,20
22,31,21
22,31,30
22,31,32
22,32,21
22,32,23
22,32,31
22,32,33
22,33,23
22,33,32
23,12,01
23,12,02
23,12,03
23,12,11
23,12,13
23,12,21
23,12,22
23,13,02
23,13,03
23,13,12
23,13,22
23,22,11
23,22,12
23,22,13
23,22,21
23,22,31
23,22,32
23,22,33
23,32,21
23,32,22
23,32,31
23,32,33
23,33,22
23,33,32
30,20,10
30,20,11
30,20,21
30,20,31
30,21,10
30,21,11
30,21,12
30,21,20
30,21,22
30,21,31
30,21,32
30,31,20
30,31,21
30,31,22
30,31,32
31,20,10
31,20,11
31,20,21
31,20,30
31,21,10
31,21,11
31,21,12
31,21,20
31,21,22
31,21,30
31,21,32
31,22,11
31,22,12
31,22,13
31,22,21
31,22,23
31,22,32
31,22,33
31,30,20
31,30,21
31,32,21
31,32,22
31,32,23
31,32,33
32,21,10
32,21,11
32,21,12
32,21,20
32,21,22
32,21,30
32,21,31
32,22,11
32,22,12
32,22,13
32,22,21
32,22,23
32,22,31
32,22,33
32,23,12
32,23,13
32,23,22
32,23,33
32,31,20
32,31,21
32,31,22
32,31,30
32,33,22
32,33,23
33,22,11
33,22,12
33,22,13
33,22,21
33,22,23
33,22,31
33,22,32
33,23,12
33,23,13
33,23,22
33,23,32
33,32,21
33,32,22
33,32,23
33,32,31